% loc = [locCount x_feet x_inch x_inch16 y_feet y_inch y_inch16;
1 0 0 0 0 0 0;
2 2 2 10 0 0 -8;
3 5 0 -12 0 0 6;
4 8 0 6 0 2 2;
5 11 1 4 0 2 8;
6 14 -1 -8 0 1 6;
7 17 3 0 0 0 12;
8 20 5 0 0 0 12;
9 23 0 10 1 7 14;
10 24 4 9 4 4 12;
11 26 8 13 7 0 3;
12 29 0 0 8 4 0;
13 32 6 0 9 0 14;
14 36 5 0 9 4 8;
15 40 0 4 9 4 10;
16 43 1 10 9 4 12;
17 46 11 2 9 4 12;
18 46 11 2 9 4 12;
19 50 5 12 9 5 6;
20 54 3 5 9 4 2;
21 57 9 8 10 0 10;
22 59 11 2 13 1 13;
23 60 6 8 16 5 10;
24 60 9 6 19 10 3;
25 60 10 8 23 4 6;
26 60 10 14 26 1 0;
27 60 10 6 28 8 15;
28 60 11 3 32 8 4;
29 60 3 1 36 0 5;
30 58 0 0 38 8 0;
31 55 9 14 39 6 8;
32 52 0 10 40 9 6;
33 49 0 4 41 6 10;
34 45 3 10 41 9 14;
35 42 9 11 41 11 11;
36 39 8 10 42 1 10;
37 36 6 2 42 2 7;
38 33 3 10 42 6 14;
39 29 5 6 43 1 14;
40 27 9 1 43 7 1;
41 25 3 3 44 7 10;
42 22 8 0 47 0 12;
43 21 7 4 49 5 4;
44 21 2 12 53 1 0;
45 21 7 12 56 8 4;
46 22 8 4 59 10 0;
47 24 7 4 62 10 14;
48 26 8 4 64 5 15;
49 30 3 8 64 8 14;
50 34 4 12 64 9 4;
51 37 7 6 64 5 14;
52 40 3 8 64 4 14;
53 43 5 12 64 3 4;
54 46 10 8 64 0 2;
55 49 10 4 63 8 3;
56 54 0 0 63 7 12;
57 57 6 10 63 3 4;
58 60 10 0 60 8 4;
59 61 3 14 56 10 14;
60 61 2 4 52 8 12;
61 60 7 8 48 9 10;
62 59 1 4 45 2 13;
63 56 1 9 43 2 11;
64 52 10 0 42 9 8;
65 49 5 8 42 7 11;
66 47 3 10 42 3 12;
67 43 4 10 41 4 8;
68 38 9 7 40 7 2;
69 35 6 6 39 3 2;
70 33 0 10 36 6 8;
71 31 10 14 34 10 12;
72 29 10 2 31 7 5;
73 28 7 3 28 10 12;
74 27 1 4 25 6 10;
75 25 8 0 22 3 7;
76 24 9 4 19 3 0;
77 24 2 14 16 2 15;
78 24 6 9 12 9 12;
79 27 0 5 10 0 9;
80 30 1 3 9 10 5;
81 33 9 10 9 9 4;
82 37 9 14 9 10 10;
83 41 3 0 10 0 0;
84 45 1 14 9 11 8;
85 47 8 10 9 9 8;
86 52 0 0 9 6 4;
87 55 10 5 9 4 0;
88 59 7 0 7 0 10;
89 60 10 8 3 5 8;
90 61 7 0 0 9 10;
91 61 0 0 -3 8 14;
92 60 11 2 -6 0 0;
93 60 9 10 -10 6 7;
94 60 6 14 -14 4 4;
95 60 5 0 -17 1 12;
96 60 3 12 -20 4 8;
97 60 2 2 -24 4 5;
98 60 2 2 -28 5 8;
99 60 3 0 -31 0 6;
100 60 2 10 -34 5 4;
101 60 1 10 -38 6 8;
102 60 1 10 -42 6 8;
103 60 1 5 -46 10 14;
104 60 0 3 -50 10 12;
105 59 10 12 -53 0 0;
106 59 10 8 -57 3 10;
107 59 11 0 -61 9 10;
108 59 11 10 -65 6 0;
109 59 9 0 -69 3 10;
110 59 8 7 -72 2 9;