1	1327556582.836642	-0.001000	0.000000	0.000000	0
2	1327556583.900752	0.000000	0.000000	0.000000	0
3	1327556585.445213	0.000000	0.000000	0.000000	1
4	1327556585.445213	0.000000	0.000000	0.000000	0
5	1327556605.171740	0.000000	0.000000	0.000000	0
6	1327556606.232759	0.000000	0.000000	0.000000	0
7	1327556607.279655	0.000000	0.000000	0.000000	0
8	1327556608.324826	0.000000	0.000000	0.000000	0
9	1327556609.368621	0.112000	0.000000	0.000000	0
10	1327556610.407575	0.266000	0.000000	0.000000	0
11	1327556611.456632	0.406000	0.000000	0.000000	0
12	1327556612.508605	0.560000	0.000000	0.000000	0
13	1327556613.556680	0.714000	0.000000	0.000000	0
14	1327556614.624808	0.824000	0.000000	0.000000	0
15	1327556616.266659	0.824000	0.000000	0.000000	2
16	1327556616.266659	0.824000	0.000000	0.000000	0
17	1327556634.462139	0.824000	0.000000	0.000000	0
18	1327556635.528070	0.824000	0.000000	0.000000	0
19	1327556636.575701	0.827000	0.000000	0.000000	0
20	1327556637.628761	0.966000	0.000000	0.000000	0
21	1327556638.672798	1.106000	0.000000	0.000000	0
22	1327556639.744764	1.259000	0.000000	0.000000	0
23	1327556640.787707	1.413000	0.000000	0.000000	0
24	1327556641.848612	1.553000	0.000000	0.000000	0
25	1327556642.895542	1.693000	0.000000	0.000000	0
26	1327556643.939612	1.847000	0.000000	0.000000	0
27	1327556645.973014	1.887000	0.000000	0.000000	3
28	1327556645.973014	1.887000	0.000000	0.000000	0
29	1327556664.456840	1.887000	0.000000	0.000000	0
30	1327556665.535571	1.887000	0.000000	0.000000	0
31	1327556666.580584	1.905000	0.000000	0.000000	0
32	1327556667.624586	2.043000	0.000000	0.000000	0
33	1327556668.672605	2.153000	0.000000	0.000000	0
34	1327556669.716636	2.210000	0.000000	0.000000	0
35	1327556670.752604	2.350000	0.000000	0.000000	0
36	1327556671.792830	2.490000	0.000000	0.000000	0
37	1327556672.835797	2.644000	0.000000	0.000000	0
38	1327556673.880823	2.784000	0.000000	0.000000	0
39	1327556674.923545	2.924000	0.000000	0.000000	0
40	1327556696.039363	2.964000	0.000000	0.000000	4
41	1327556696.039363	2.964000	0.000000	0.000000	0
42	1327556754.123775	2.964000	0.000000	0.000000	0
43	1327556755.192832	2.964000	0.000000	0.000000	0
44	1327556756.236743	2.973000	0.000000	0.000000	0
45	1327556757.292709	3.106000	-0.001000	6.265732	0
46	1327556758.336553	3.245000	-0.007000	6.230825	0
47	1327556759.383538	3.398000	-0.015000	6.230825	0
48	1327556760.424628	3.537000	-0.022000	6.230825	0
49	1327556761.468606	3.690000	-0.030000	6.230825	0
50	1327556762.512635	3.829000	-0.037000	6.230825	0
51	1327556763.572904	3.982000	-0.045000	6.230825	0
52	1327556764.631750	4.077000	-0.050000	6.230825	0
53	1327556766.251272	4.077000	-0.050000	6.230825	5
54	1327556766.251272	4.077000	-0.050000	6.230825	0
55	1327556787.803044	4.077000	-0.050000	6.230825	0
56	1327556788.824650	4.077000	-0.050000	6.230825	0
57	1327556789.868599	4.077000	-0.050000	6.230825	0
58	1327556790.911555	4.094000	-0.051000	6.230825	0
59	1327556791.956758	4.231000	-0.058000	6.230825	0
60	1327556793.025468	4.398000	-0.067000	6.230825	0
61	1327556794.084829	4.537000	-0.074000	6.230825	0
62	1327556795.148826	4.676000	-0.089000	6.143559	0
63	1327556796.196760	4.828000	-0.111000	6.143559	0
64	1327556797.240780	4.966000	-0.131000	6.143559	0
65	1327556798.263541	5.086000	-0.148000	6.143559	0
66	1327556799.624293	5.088000	-0.148000	6.143559	6
67	1327556799.624293	5.088000	-0.148000	6.143559	0
68	1327556817.245276	5.088000	-0.148000	6.143559	0
69	1327556818.324642	5.088000	-0.148000	6.143559	0
70	1327556819.340596	5.200000	-0.165000	6.143559	0
71	1327556820.384635	5.351000	-0.187000	6.143559	0
72	1327556821.424619	5.489000	-0.207000	6.143559	0
73	1327556822.476849	5.640000	-0.229000	6.143559	0
74	1327556823.540541	5.794000	-0.244000	6.195919	0
75	1327556824.600789	5.933000	-0.255000	6.195919	0
76	1327556825.664855	6.072000	-0.266000	6.195919	0
77	1327556826.712749	6.225000	-0.278000	6.195919	0
78	1327556829.139858	6.320000	-0.286000	6.195919	7
79	1327556829.139858	6.320000	-0.286000	6.195919	0
80	1327556867.611251	6.321000	-0.286000	6.195919	0
81	1327556868.661022	6.321000	-0.286000	6.195919	0
82	1327556869.708862	6.364000	-0.289000	6.195919	0
83	1327556870.752850	6.517000	-0.301000	6.195919	0
84	1327556871.815869	6.670000	-0.313000	6.195919	0
85	1327556872.859873	6.809000	-0.324000	6.195919	0
86	1327556873.923876	6.962000	-0.338000	6.178466	0
87	1327556874.976829	7.114000	-0.353000	6.178466	0
88	1327556876.020028	7.253000	-0.368000	6.178466	0
89	1327556877.064983	7.391000	-0.383000	6.178466	0
90	1327556879.133024	7.487000	-0.393000	6.178466	8
91	1327556879.133024	7.487000	-0.393000	6.178466	0
92	1327556900.876402	7.487000	-0.393000	6.178466	0
93	1327556901.880796	7.487000	-0.393000	6.178466	0
94	1327556902.936918	7.544000	-0.399000	6.178466	0
95	1327556903.980912	7.683000	-0.411000	6.230825	0
96	1327556905.033051	7.836000	-0.407000	0.104720	0
97	1327556906.080939	7.973000	-0.384000	0.244346	0
98	1327556907.156068	8.120000	-0.337000	0.383972	0
99	1327556908.205104	8.245000	-0.277000	0.523599	0
100	1327556909.256645	8.375000	-0.195000	0.628319	0
101	1327556910.303758	8.482000	-0.107000	0.750492	0
102	1327556912.215059	8.548000	-0.040000	0.820305	9
103	1327556912.215059	8.549000	-0.039000	0.820305	0
104	1327556932.182113	8.549000	-0.039000	0.820305	0
105	1327556933.244823	8.549000	-0.039000	0.820305	0
106	1327556934.293042	8.579000	-0.007000	0.820305	0
107	1327556935.348787	8.676000	0.111000	0.959931	0
108	1327556936.397193	8.749000	0.230000	1.082104	0
109	1327556937.448967	8.811000	0.370000	1.186824	0
110	1327556938.492805	8.864000	0.499000	1.186824	0
111	1327556939.569010	8.922000	0.641000	1.186824	0
112	1327556940.616697	8.975000	0.770000	1.186824	0
113	1327556941.660839	9.032000	0.911000	1.186824	0
114	1327556943.086995	9.042000	0.934000	1.186824	10
115	1327556943.086995	9.042000	0.936000	1.186824	0
116	1327556961.491080	9.042000	0.936000	1.186824	0
117	1327556962.500860	9.042000	0.936000	1.186824	0
118	1327556963.519756	9.080000	1.028000	1.186824	0
119	1327556964.563891	9.138000	1.170000	1.186824	0
120	1327556965.632982	9.199000	1.296000	1.047198	0
121	1327556966.639410	9.275000	1.412000	0.925025	0
122	1327556967.684827	9.376000	1.527000	0.820305	0
123	1327556968.728691	9.472000	1.628000	0.802851	0
124	1327556969.775813	9.579000	1.738000	0.750492	0
125	1327556970.820658	9.699000	1.834000	0.610865	0
126	1327556971.868676	9.813000	1.912000	0.593412	0
127	1327556973.460959	9.833000	1.926000	0.593412	11
128	1327556973.460959	9.835000	1.927000	0.593412	0
129	1327556992.243055	9.835000	1.927000	0.593412	0
130	1327556993.268570	9.842000	1.932000	0.593412	0
131	1327556994.315727	9.951000	2.006000	0.593412	0
132	1327556995.371921	10.078000	2.092000	0.593412	0
133	1327556996.419698	10.193000	2.171000	0.593412	0
134	1327556997.464866	10.320000	2.257000	0.593412	0
135	1327556998.508889	10.440000	2.328000	0.471239	0
136	1327556999.544958	10.569000	2.382000	0.331613	0
137	1327557000.592648	10.673000	2.417000	0.314159	0
138	1327557001.635577	10.673000	2.417000	0.314159	0
139	1327557002.676740	10.673000	2.417000	0.314159	0
140	1327557003.720779	10.673000	2.417000	0.314159	0
141	1327557004.810314	10.673000	2.417000	0.314159	0
142	1327557005.848703	10.673000	2.417000	0.314159	0
143	1327557006.892744	10.673000	2.417000	0.314159	0
144	1327557008.812249	10.673000	2.417000	0.314159	12
145	1327557008.812249	10.673000	2.417000	0.314159	0
146	1327557027.825255	10.673000	2.417000	0.314159	0
147	1327557028.840799	10.673000	2.417000	0.314159	0
148	1327557029.884809	10.755000	2.441000	0.244346	0
149	1327557030.924812	10.890000	2.473000	0.244346	0
150	1327557031.984986	11.040000	2.508000	0.191986	0
151	1327557033.024828	11.178000	2.527000	0.104720	0
152	1327557034.104980	11.331000	2.532000	6.265732	0
153	1327557035.147899	11.484000	2.531000	6.265732	0
154	1327557036.208799	11.623000	2.529000	6.265732	0
155	1327557037.252902	11.762000	2.528000	6.265732	0
156	1327557038.296824	11.915000	2.526000	6.265732	0
157	1327557040.328521	11.969000	2.526000	6.265732	13
158	1327557040.328521	11.969000	2.526000	6.265732	0
159	1327557059.267071	11.969000	2.526000	6.265732	0
160	1327557060.297709	11.970000	2.526000	6.265732	0
161	1327557061.340774	12.082000	2.525000	6.265732	0
162	1327557062.384818	12.235000	2.523000	6.265732	0
163	1327557063.427773	12.375000	2.521000	6.265732	0
164	1327557064.456987	12.514000	2.520000	6.265732	0
165	1327557065.497002	12.667000	2.516000	6.213372	0
166	1327557066.545854	12.806000	2.505000	6.161012	0
167	1327557067.579029	12.944000	2.489000	6.161012	0
168	1327557068.627780	13.097000	2.470000	6.143559	0
169	1327557069.671762	13.234000	2.446000	6.091199	0
170	1327557070.720632	13.381000	2.416000	6.091199	0
171	1327557072.044219	13.381000	2.416000	6.091199	14
172	1327557072.044219	13.397000	2.413000	6.091199	0
173	1327557090.654926	13.397000	2.415000	6.091199	0
174	1327557091.691763	13.397000	2.415000	6.091199	0
175	1327557092.740830	13.468000	2.400000	6.091199	0
176	1327557093.784775	13.605000	2.373000	6.091199	0
177	1327557094.827855	13.756000	2.343000	6.091199	0
178	1327557095.872786	13.906000	2.313000	6.073746	0
179	1327557096.919830	14.043000	2.285000	6.073746	0
180	1327557097.931960	14.180000	2.257000	6.073746	0
181	1327557098.981074	14.317000	2.230000	6.073746	0
182	1327557100.035769	14.468000	2.198000	6.056293	0
183	1327557101.079514	14.604000	2.167000	6.056293	0
184	1327557102.124865	14.698000	2.146000	6.056293	0
185	1327557103.671912	14.698000	2.146000	6.056293	15
186	1327557103.671912	14.698000	2.146000	6.056293	0
187	1327557122.757575	14.698000	2.146000	6.056293	0
188	1327557123.776763	14.706000	2.144000	6.056293	0
189	1327557124.816973	14.848000	2.112000	6.056293	0
190	1327557125.860950	14.984000	2.081000	6.056293	0
191	1327557126.904808	15.120000	2.050000	6.056293	0
192	1327557127.948914	15.270000	2.015000	6.056293	0
193	1327557128.995823	15.406000	1.984000	6.056293	0
194	1327557130.036837	15.556000	1.950000	6.056293	0
195	1327557131.080876	15.692000	1.919000	6.056293	0
196	1327557132.964785	15.811000	1.892000	6.056293	16
197	1327557132.964785	15.813000	1.891000	6.056293	0
198	1327557151.971018	15.813000	1.891000	6.056293	0
199	1327557153.040752	15.813000	1.891000	6.056293	0
200	1327557154.085050	15.855000	1.882000	6.056293	0
201	1327557155.128804	16.005000	1.848000	6.056293	0
202	1327557156.176936	16.141000	1.816000	6.056293	0
203	1327557157.211823	16.277000	1.785000	6.056293	0
204	1327557158.260642	16.426000	1.751000	6.056293	0
205	1327557159.304691	16.563000	1.720000	6.056293	0
206	1327557160.371958	16.712000	1.686000	6.056293	0
207	1327557161.424795	16.848000	1.653000	6.038839	0
208	1327557162.468773	16.997000	1.615000	6.038839	0
209	1327557163.516774	17.145000	1.577000	6.038839	0
210	1327557164.976848	17.170000	1.571000	6.021386	17
211	1327557164.976848	17.170000	1.571000	6.021386	0
212	1327557183.010496	17.170000	1.571000	6.021386	18
213	1327557183.010496	17.170000	1.571000	6.021386	0
214	1327557203.590118	17.170000	1.571000	6.021386	0
215	1327557204.655730	17.199000	1.563000	6.038839	0
216	1327557205.701000	17.334000	1.529000	6.038839	0
217	1327557206.756868	17.482000	1.490000	6.038839	0
218	1327557207.796852	17.617000	1.456000	6.038839	0
219	1327557208.875896	17.765000	1.418000	6.038839	0
220	1327557209.919557	17.900000	1.383000	6.038839	0
221	1327557210.965088	18.049000	1.345000	6.038839	0
222	1327557212.007697	18.184000	1.310000	6.038839	0
223	1327557213.052737	18.332000	1.272000	6.038839	0
224	1327557214.096567	18.425000	1.248000	6.038839	0
225	1327557216.391704	18.425000	1.248000	6.038839	19
226	1327557216.391704	18.425000	1.248000	6.038839	0
227	1327557236.505422	18.425000	1.248000	6.038839	0
228	1327557237.523930	18.427000	1.247000	6.038839	0
229	1327557238.564962	18.561000	1.213000	6.038839	0
230	1327557239.609030	18.696000	1.178000	6.021386	0
231	1327557240.643454	18.831000	1.144000	6.038839	0
232	1327557241.692601	18.979000	1.105000	6.038839	0
233	1327557242.740849	19.114000	1.071000	6.038839	0
234	1327557243.780672	19.262000	1.030000	6.003933	0
235	1327557244.828834	19.394000	0.986000	5.934119	0
236	1327557245.871846	19.539000	0.934000	5.934119	0
237	1327557246.917986	19.670000	0.887000	5.934119	0
238	1327557248.706187	19.735000	0.863000	5.934119	20
239	1327557248.706187	19.760000	0.855000	5.934119	0
240	1327557268.115894	19.760000	0.855000	5.934119	0
241	1327557269.128657	19.760000	0.855000	5.934119	0
242	1327557270.181081	19.866000	0.817000	5.934119	0
243	1327557271.240934	20.000000	0.775000	6.038839	0
244	1327557272.280041	20.150000	0.746000	6.108652	0
245	1327557273.328040	20.287000	0.722000	6.108652	0
246	1327557274.360775	20.425000	0.698000	6.126106	0
247	1327557275.408656	20.576000	0.675000	6.126106	0
248	1327557276.448754	20.715000	0.660000	6.178466	0
249	1327557277.516824	20.868000	0.646000	6.213372	0
250	1327557278.560853	21.021000	0.646000	0.069813	0
251	1327557279.604813	21.048000	0.648000	0.104720	0
252	1327557280.609114	21.048000	0.648000	0.104720	0
253	1327557281.651963	21.048000	0.648000	0.104720	0
254	1327557282.713021	21.048000	0.648000	0.104720	0
255	1327557285.016178	21.048000	0.648000	0.104720	21
256	1327557285.016178	21.048000	0.648000	0.104720	0
257	1327557304.937055	21.048000	0.648000	0.104720	0
258	1327557305.996004	21.048000	0.648000	0.104720	0
259	1327557307.035938	21.160000	0.660000	0.122173	0
260	1327557308.071786	21.297000	0.685000	0.244346	0
261	1327557309.116648	21.442000	0.734000	0.401426	0
262	1327557310.160774	21.567000	0.796000	0.523599	0
263	1327557311.203886	21.693000	0.883000	0.680678	0
264	1327557312.248665	21.801000	0.970000	0.698132	0
265	1327557313.300974	21.912000	1.076000	0.837758	0
266	1327557314.345036	21.998000	1.186000	0.977384	0
267	1327557315.401053	22.075000	1.318000	1.117011	0
268	1327557317.531422	22.130000	1.431000	1.117011	22
269	1327557317.531422	22.142000	1.455000	1.117011	0
270	1327557336.683032	22.142000	1.455000	1.117011	0
271	1327557337.712838	22.142000	1.455000	1.117011	0
272	1327557338.756886	22.191000	1.556000	1.117011	0
273	1327557339.800849	22.258000	1.694000	1.117011	0
274	1327557340.840886	22.314000	1.821000	1.186824	0
275	1327557341.885057	22.364000	1.966000	1.256637	0
276	1327557342.948908	22.410000	2.113000	1.256637	0
277	1327557344.020983	22.452000	2.245000	1.274090	0
278	1327557345.065034	22.494000	2.379000	1.274090	0
279	1327557346.112977	22.539000	2.525000	1.274090	0
280	1327557347.156008	22.568000	2.616000	1.274090	0
281	1327557348.232103	22.568000	2.616000	1.274090	0
282	1327557349.952479	22.568000	2.616000	1.274090	23
283	1327557349.952479	22.568000	2.616000	1.274090	0
284	1327557367.663348	22.568000	2.616000	1.274090	0
285	1327557368.668073	22.571000	2.625000	1.274090	0
286	1327557369.724761	22.610000	2.751000	1.274090	0
287	1327557370.768801	22.651000	2.885000	1.308997	0
288	1327557371.862343	22.689000	3.033000	1.308997	0
289	1327557372.908722	22.723000	3.168000	1.343904	0
290	1327557373.948954	22.758000	3.318000	1.343904	0
291	1327557374.992615	22.792000	3.467000	1.343904	0
292	1327557376.035802	22.823000	3.603000	1.343904	0
293	1327557377.080814	22.853000	3.739000	1.343904	0
294	1327557379.460997	22.875000	3.832000	1.343904	24
295	1327557379.460997	22.875000	3.833000	1.343904	0
296	1327557397.865652	22.875000	3.833000	1.343904	0
297	1327557398.871898	22.875000	3.833000	1.343904	0
298	1327557399.928983	22.893000	3.916000	1.343904	0
299	1327557400.975927	22.924000	4.052000	1.343904	0
300	1327557402.036945	22.957000	4.202000	1.361357	0
301	1327557403.083899	22.984000	4.339000	1.378810	0
302	1327557404.115030	23.011000	4.476000	1.378810	0
303	1327557405.164773	23.041000	4.626000	1.378810	0
304	1327557406.208668	23.068000	4.763000	1.378810	0
305	1327557407.255835	23.098000	4.914000	1.378810	0
306	1327557408.304638	23.125000	5.051000	1.378810	0
307	1327557409.971520	23.133000	5.090000	1.378810	25
308	1327557409.971520	23.133000	5.090000	1.378810	0
309	1327557427.607829	23.133000	5.090000	1.378810	0
310	1327557428.660663	23.135000	5.098000	1.378810	0
311	1327557429.707608	23.161000	5.228000	1.378810	0
312	1327557430.752754	23.190000	5.379000	1.378810	0
313	1327557431.796663	23.218000	5.515000	1.378810	0
314	1327557432.884732	23.247000	5.666000	1.378810	0
315	1327557433.929608	23.275000	5.803000	1.378810	0
316	1327557434.968699	23.304000	5.953000	1.378810	0
317	1327557436.040822	23.328000	6.075000	1.378810	0
318	1327557437.214902	23.328000	6.075000	1.378810	26
319	1327557437.214902	23.328000	6.075000	1.378810	0
320	1327557455.957212	23.328000	6.075000	1.378810	0
321	1327557456.964835	23.330000	6.084000	1.378810	0
322	1327557458.011649	23.356000	6.214000	1.378810	0
323	1327557459.064850	23.386000	6.364000	1.378810	0
324	1327557460.112923	23.413000	6.501000	1.378810	0
325	1327557461.152934	23.442000	6.652000	1.378810	0
326	1327557462.195959	23.470000	6.789000	1.378810	0
327	1327557463.272956	23.499000	6.940000	1.378810	0
328	1327557464.320946	23.518000	7.034000	1.378810	0
329	1327557466.099657	23.518000	7.034000	1.378810	27
330	1327557466.099657	23.518000	7.034000	1.378810	0
331	1327557483.609976	23.518000	7.034000	1.378810	0
332	1327557484.660925	23.524000	7.063000	1.378810	0
333	1327557485.713128	23.551000	7.200000	1.378810	0
334	1327557486.767908	23.581000	7.350000	1.378810	0
335	1327557487.811809	23.608000	7.487000	1.378810	0
336	1327557488.888042	23.638000	7.638000	1.378810	0
337	1327557489.932917	23.666000	7.775000	1.343904	0
338	1327557490.992958	23.702000	7.924000	1.291544	0
339	1327557492.040592	23.740000	8.058000	1.291544	0
340	1327557493.096854	23.781000	8.206000	1.291544	0
341	1327557494.141827	23.819000	8.340000	1.291544	0
342	1327557496.074129	23.842000	8.420000	1.291544	28
343	1327557496.074129	23.849000	8.445000	1.291544	0
344	1327557513.912446	23.849000	8.445000	1.291544	0
345	1327557514.980943	23.852000	8.454000	1.291544	0
346	1327557516.029446	23.890000	8.595000	1.343904	0
347	1327557517.088919	23.913000	8.733000	1.448623	0
348	1327557518.132988	23.929000	8.871000	1.448623	0
349	1327557519.188045	23.947000	9.024000	1.483530	0
350	1327557520.229030	23.956000	9.162000	1.500983	0
351	1327557521.263797	23.965000	9.302000	1.518436	0
352	1327557522.304617	23.965000	9.455000	1.605703	0
353	1327557523.348909	23.953000	9.594000	1.675516	0
354	1327557525.526933	23.940000	9.689000	1.727876	29
355	1327557525.526933	23.940000	9.689000	1.727876	0
356	1327557546.129700	23.940000	9.689000	1.727876	0
357	1327557547.199915	23.936000	9.718000	1.727876	0
358	1327557548.212076	23.914000	9.855000	1.727876	0
359	1327557549.256812	23.885000	9.992000	1.850049	0
360	1327557550.316922	23.832000	10.136000	1.989675	0
361	1327557551.359631	23.772000	10.262000	2.024582	0
362	1327557552.416854	23.703000	10.398000	2.076942	0
363	1327557553.459806	23.631000	10.518000	2.146755	0
364	1327557554.536828	23.547000	10.646000	2.199115	0
365	1327557555.580897	23.461000	10.755000	2.268928	0
366	1327557557.975058	23.396000	10.834000	2.268928	30
367	1327557557.975058	23.391000	10.840000	2.268928	0
368	1327557575.881167	23.391000	10.840000	2.268928	0
369	1327557576.908913	23.391000	10.840000	2.268928	0
370	1327557577.952660	23.319000	10.926000	2.268928	0
371	1327557578.968828	23.222000	11.026000	2.408554	0
372	1327557580.013180	23.103000	11.123000	2.495821	0
373	1327557581.076992	22.987000	11.200000	2.600541	0
374	1327557582.083813	22.863000	11.264000	2.705260	0
375	1327557583.132888	22.724000	11.327000	2.705260	0
376	1327557584.743969	22.687000	11.344000	2.705260	31
377	1327557584.743969	22.687000	11.344000	2.705260	0
378	1327557602.553621	22.687000	11.344000	2.705260	0
379	1327557603.632659	22.680000	11.347000	2.722714	0
380	1327557604.680793	22.559000	11.402000	2.722714	0
381	1327557605.753771	22.419000	11.465000	2.722714	0
382	1327557606.799797	22.292000	11.522000	2.722714	0
383	1327557607.856589	22.153000	11.586000	2.722714	0
384	1327557608.899936	22.013000	11.649000	2.722714	0
385	1327557609.944712	21.886000	11.708000	2.687807	0
386	1327557611.019601	21.749000	11.777000	2.635447	0
387	1327557612.060804	21.627000	11.844000	2.635447	0
388	1327557613.112975	21.490000	11.913000	2.687807	0
389	1327557614.176929	21.380000	11.965000	2.705260	0
390	1327557615.221065	21.378000	11.966000	2.705260	0
391	1327557616.264904	21.378000	11.966000	2.705260	0
392	1327557617.299636	21.378000	11.966000	2.705260	0
393	1327557618.340770	21.378000	11.966000	2.705260	0
394	1327557620.761852	21.378000	11.966000	2.705260	32
395	1327557620.761852	21.378000	11.966000	2.705260	0
396	1327557638.367320	21.378000	11.966000	2.705260	0
397	1327557639.372708	21.376000	11.967000	2.705260	0
398	1327557640.432832	21.250000	12.024000	2.705260	0
399	1327557641.476916	21.124000	12.082000	2.705260	0
400	1327557642.524807	20.988000	12.153000	2.635447	0
401	1327557643.564817	20.866000	12.222000	2.617994	0
402	1327557644.607529	20.746000	12.292000	2.617994	0
403	1327557645.652775	20.609000	12.362000	2.740167	0
404	1327557646.704653	20.479000	12.410000	2.809980	0
405	1327557647.752662	20.349000	12.449000	2.879793	0
406	1327557649.310954	20.347000	12.449000	2.879793	33
407	1327557649.310954	20.347000	12.449000	2.879793	0
408	1327557667.284838	20.347000	12.449000	2.879793	0
409	1327557668.299808	20.346000	12.449000	2.879793	0
410	1327557669.341591	20.224000	12.481000	2.879793	0
411	1327557670.383674	20.089000	12.516000	2.879793	0
412	1327557671.432699	19.941000	12.554000	2.879793	0
413	1327557672.480677	19.805000	12.586000	2.932153	0
414	1327557673.503961	19.668000	12.615000	2.932153	0
415	1327557674.544979	19.519000	12.648000	2.932153	0
416	1327557675.588973	19.382000	12.677000	2.932153	0
417	1327557676.619558	19.246000	12.707000	2.932153	0
418	1327557677.668150	19.096000	12.739000	2.932153	0
419	1327557679.981254	19.004000	12.759000	2.932153	34
420	1327557679.981254	19.002000	12.759000	2.932153	0
421	1327557697.992635	19.002000	12.759000	2.932153	0
422	1327557699.032792	18.985000	12.763000	2.932153	0
423	1327557700.080783	18.837000	12.795000	2.932153	0
424	1327557701.128149	18.700000	12.824000	2.932153	0
425	1327557702.171850	18.550000	12.857000	2.932153	0
426	1327557703.216890	18.414000	12.886000	2.932153	0
427	1327557704.255872	18.264000	12.918000	2.932153	0
428	1327557705.304773	18.131000	12.947000	2.932153	0
429	1327557706.357135	18.116000	12.950000	2.932153	0
430	1327557708.300561	18.116000	12.950000	2.932153	35
431	1327557708.300561	18.116000	12.950000	2.932153	0
432	1327557728.805199	18.116000	12.950000	2.932153	0
433	1327557729.860644	18.087000	12.956000	2.932153	0
434	1327557730.904779	17.951000	12.985000	2.932153	0
435	1327557731.960355	17.801000	13.018000	2.932153	0
436	1327557733.007857	17.665000	13.047000	2.932153	0
437	1327557734.069056	17.515000	13.079000	2.932153	0
438	1327557735.113039	17.379000	13.109000	2.932153	0
439	1327557736.189073	17.229000	13.141000	2.932153	0
440	1327557737.236850	17.104000	13.168000	2.932153	0
441	1327557739.611096	17.011000	13.188000	2.932153	36
442	1327557739.611096	17.011000	13.188000	2.932153	0
443	1327557757.698452	17.011000	13.188000	2.932153	0
444	1327557758.700909	16.993000	13.192000	2.932153	0
445	1327557759.748840	16.845000	13.223000	2.932153	0
446	1327557760.791979	16.709000	13.253000	2.932153	0
447	1327557761.840814	16.573000	13.282000	2.932153	0
448	1327557762.884057	16.423000	13.315000	2.932153	0
449	1327557763.928974	16.287000	13.344000	2.932153	0
450	1327557765.003892	16.137000	13.376000	2.932153	0
451	1327557766.048848	16.001000	13.405000	2.932153	0
452	1327557767.104765	15.859000	13.436000	2.932153	0
453	1327557768.843914	15.852000	13.437000	2.932153	37
454	1327557768.843914	15.852000	13.437000	2.932153	0
455	1327557787.228674	15.852000	13.437000	2.932153	0
456	1327557788.295994	15.844000	13.439000	2.932153	0
457	1327557789.340998	15.715000	13.467000	2.932153	0
458	1327557790.367711	15.578000	13.498000	2.879793	0
459	1327557791.415862	15.430000	13.538000	2.879793	0
460	1327557792.464827	15.296000	13.577000	2.809980	0
461	1327557793.535045	15.152000	13.628000	2.792527	0
462	1327557794.580684	15.021000	13.675000	2.792527	0
463	1327557795.631813	14.877000	13.727000	2.792527	0
464	1327557796.688868	14.733000	13.778000	2.792527	0
465	1327557798.676453	14.708000	13.787000	2.792527	38
466	1327557798.676453	14.708000	13.787000	2.792527	0
467	1327557816.856025	14.708000	13.787000	2.792527	0
468	1327557817.923944	14.707000	13.787000	2.792527	0
469	1327557818.968819	14.601000	13.825000	2.792527	0
470	1327557820.019671	14.457000	13.877000	2.792527	0
471	1327557821.068794	14.326000	13.924000	2.792527	0
472	1327557822.138606	14.181000	13.976000	2.792527	0
473	1327557823.184792	14.050000	14.023000	2.792527	0
474	1327557824.239706	13.906000	14.075000	2.792527	0
475	1327557825.284736	13.762000	14.127000	2.792527	0
476	1327557826.327773	13.630000	14.175000	2.757620	0
477	1327557827.372900	13.504000	14.235000	2.670354	0
478	1327557828.411784	13.394000	14.291000	2.670354	0
479	1327557829.943530	13.394000	14.292000	2.670354	39
480	1327557829.943530	13.394000	14.292000	2.670354	0
481	1327557849.154142	13.394000	14.292000	2.670354	0
482	1327557850.219841	13.369000	14.305000	2.670354	0
483	1327557851.260570	13.245000	14.369000	2.670354	0
484	1327557852.316891	13.109000	14.439000	2.652900	0
485	1327557853.364880	12.988000	14.509000	2.600541	0
486	1327557854.428806	12.929000	14.545000	2.600541	0
487	1327557855.476885	12.929000	14.545000	2.600541	0
488	1327557856.539746	12.840000	14.599000	2.600541	0
489	1327557858.467768	12.834000	14.603000	2.600541	40
490	1327557858.467768	12.834000	14.603000	2.600541	0
491	1327557876.566429	12.834000	14.603000	2.600541	0
492	1327557877.568871	12.832000	14.604000	2.600541	0
493	1327557878.612621	12.714000	14.675000	2.600541	0
494	1327557879.655880	12.594000	14.748000	2.600541	0
495	1327557880.700867	12.463000	14.828000	2.565634	0
496	1327557881.703656	12.362000	14.901000	2.478368	0
497	1327557882.748815	12.246000	15.002000	2.391101	0
498	1327557883.792806	12.144000	15.096000	2.391101	0
499	1327557884.835814	12.038000	15.194000	2.391101	0
500	1327557886.611639	12.038000	15.194000	2.391101	41
501	1327557886.611639	12.033000	15.199000	2.391101	0
502	1327557907.173940	12.033000	15.199000	2.391101	0
503	1327557908.248049	12.033000	15.199000	2.391101	0
504	1327557909.292922	11.950000	15.275000	2.391101	0
505	1327557910.336081	11.846000	15.388000	2.234021	0
506	1327557911.381034	11.767000	15.503000	2.129302	0
507	1327557912.457058	11.688000	15.634000	2.111848	0
508	1327557913.504885	11.615000	15.753000	2.111848	0
509	1327557914.564683	11.536000	15.884000	2.111848	0
510	1327557915.612792	11.465000	16.004000	2.059489	0
511	1327557916.660832	11.404000	16.145000	1.902409	0
512	1327557917.707762	11.368000	16.276000	1.780236	0
513	1327557919.495439	11.365000	16.291000	1.780236	42
514	1327557919.495439	11.365000	16.291000	1.780236	0
515	1327557937.385831	11.365000	16.291000	1.780236	0
516	1327557938.391835	11.364000	16.294000	1.780236	0
517	1327557939.436485	11.335000	16.429000	1.780236	0
518	1327557940.484829	11.306000	16.566000	1.745329	0
519	1327557941.549112	11.288000	16.718000	1.658063	0
520	1327557942.593079	11.284000	16.857000	1.553343	0
521	1327557943.652783	11.291000	17.010000	1.500983	0
522	1327557944.695919	11.300000	17.149000	1.500983	0
523	1327557945.776003	11.306000	17.245000	1.500983	0
524	1327557947.436085	11.306000	17.245000	1.500983	43
525	1327557947.436085	11.306000	17.245000	1.500983	0
526	1327557965.196867	11.306000	17.245000	1.500983	0
527	1327557966.268948	11.306000	17.254000	1.500983	0
528	1327557967.316987	11.315000	17.386000	1.466077	0
529	1327557968.339807	11.336000	17.524000	1.396263	0
530	1327557969.387780	11.364000	17.675000	1.343904	0
531	1327557970.436864	11.395000	17.811000	1.308997	0
532	1327557971.475964	11.439000	17.958000	1.239184	0
533	1327557972.520838	11.490000	18.102000	1.221730	0
534	1327557973.559971	11.543000	18.231000	1.151917	0
535	1327557974.609073	11.607000	18.355000	1.047198	0
536	1327557975.664900	11.684000	18.488000	1.047198	0
537	1327557977.507771	11.711000	18.534000	1.047198	44
538	1327557977.507771	11.711000	18.535000	1.047198	0
539	1327557995.912914	11.711000	18.535000	1.047198	0
540	1327557996.985019	11.716000	18.542000	1.047198	0
541	1327557998.033084	11.782000	18.656000	1.047198	0
542	1327557999.092903	11.860000	18.788000	1.047198	0
543	1327558000.135828	11.930000	18.908000	1.047198	0
544	1327558001.183887	12.013000	19.038000	0.994838	0
545	1327558002.236689	12.092000	19.152000	0.942478	0
546	1327558003.276944	12.183000	19.276000	0.907571	0
547	1327558004.323229	12.270000	19.385000	0.890118	0
548	1327558005.332964	12.361000	19.490000	0.837758	0
549	1327558006.376962	12.457000	19.598000	0.837758	0
550	1327558007.714158	12.457000	19.598000	0.837758	45
551	1327558007.714158	12.462000	19.604000	0.837758	0
552	1327558025.550933	12.462000	19.604000	0.837758	0
553	1327558026.551870	12.462000	19.604000	0.837758	0
554	1327558027.595746	12.500000	19.646000	0.837758	0
555	1327558028.639616	12.595000	19.749000	0.785398	0
556	1327558029.696648	12.705000	19.855000	0.767945	0
557	1327558030.703799	12.806000	19.951000	0.767945	0
558	1327558031.747940	12.910000	20.043000	0.715585	0
559	1327558032.808968	13.027000	20.143000	0.715585	0
560	1327558033.855837	13.136000	20.230000	0.645772	0
561	1327558034.895747	13.258000	20.321000	0.645772	0
562	1327558035.948650	13.368000	20.403000	0.645772	0
563	1327558037.030910	13.368000	20.403000	0.645772	46
564	1327558037.030910	13.380000	20.412000	0.645772	0
565	1327558054.939852	13.380000	20.412000	0.645772	0
566	1327558055.944667	13.394000	20.422000	0.645772	0
567	1327558056.996870	13.515000	20.513000	0.645772	0
568	1327558058.043897	13.627000	20.596000	0.645772	0
569	1327558059.100830	13.754000	20.683000	0.541052	0
570	1327558060.144949	13.875000	20.752000	0.471239	0
571	1327558061.211886	14.012000	20.820000	0.453786	0
572	1327558062.256884	14.138000	20.880000	0.436332	0
573	1327558063.320655	14.279000	20.940000	0.349066	0
574	1327558064.363782	14.412000	20.981000	0.279253	0
575	1327558065.412784	14.553000	21.013000	0.209440	0
576	1327558066.456486	14.560000	21.014000	0.209440	0
577	1327558068.661888	14.560000	21.014000	0.209440	47
578	1327558068.661888	14.560000	21.014000	0.209440	0
579	1327558995.964945	14.696941	21.043108	0.209440	0
580	1327558997.008956	14.699875	21.043731	0.209440	0
581	1327558998.053020	14.827034	21.070760	0.209440	0
582	1327558999.097000	14.961248	21.098266	0.174533	0
583	1327559000.135558	15.099144	21.113263	0.034907	0
584	1327559001.180776	15.235475	21.111571	6.248279	0
585	1327559002.224815	15.279822	21.109752	6.248279	0
586	1327559003.271886	15.432403	21.094134	6.108652	0
587	1327559071.451015	15.529000	21.075000	6.038839	48
588	1327559094.023840	15.529000	21.075000	6.038839	0
589	1327559095.072743	15.529000	21.075000	6.038839	0
590	1327559096.116760	15.529000	21.075000	6.038839	0
591	1327559097.160709	15.529000	21.075000	6.038839	0
592	1327559098.199709	15.529000	21.075000	6.038839	0
593	1327559099.247905	15.529000	21.075000	6.038839	0
594	1327559100.292874	15.530941	21.074516	6.038839	0
595	1327559101.335839	15.664116	21.038220	5.969026	0
596	1327559102.380917	15.793178	20.985429	5.829400	0
597	1327559103.419533	15.914975	20.915898	5.689773	0
598	1327559104.484788	16.039209	20.827209	5.654867	0
599	1327559105.528673	16.151556	20.744575	5.619960	0
600	1327559106.589018	16.266581	20.643753	5.532694	0
601	1327559107.633676	16.367052	20.546560	5.462881	0
602	1327559108.676815	16.470929	20.434089	5.462881	0
603	1327559110.904038	16.563398	20.333738	5.462881	49
604	1327559110.904038	16.574077	20.322830	5.462881	0
605	1327559129.988154	16.574077	20.322830	5.462881	0
606	1327559131.052742	16.574077	20.322830	5.462881	0
607	1327559132.104598	16.611939	20.280411	5.445427	0
608	1327559133.156917	16.705866	20.177635	5.445427	0
609	1327559134.220812	16.800762	20.074617	5.445427	0
610	1327559135.263970	16.903668	19.962388	5.445427	0
611	1327559136.305026	16.997595	19.859613	5.445427	0
612	1327559137.339832	17.092491	19.756595	5.445427	0
613	1327559138.384779	17.195156	19.643396	5.445427	0
614	1327559139.424794	17.290052	19.540378	5.445427	0
615	1327559140.500651	17.392716	19.427179	5.445427	0
616	1327559141.544666	17.493926	19.312281	5.410521	0
617	1327559142.588110	17.582275	19.207804	5.410521	0
618	1327559143.815688	17.582275	19.207804	5.410521	50
619	1327559143.815688	17.591742	19.196168	5.410521	0
620	1327559161.487127	17.591742	19.196168	5.410521	0
621	1327559162.532011	17.591742	19.196168	5.410521	0
622	1327559163.576652	17.591742	19.196168	5.410521	0
623	1327559164.619817	17.619654	19.163444	5.410521	0
624	1327559165.668798	17.718198	19.046119	5.410521	0
625	1327559166.712680	17.808245	18.940188	5.410521	0
626	1327559167.727921	17.895143	18.829889	5.358161	0
627	1327559168.776939	17.987384	18.707952	5.358161	0
628	1327559169.820912	18.072099	18.597166	5.358161	0
629	1327559170.852637	18.155602	18.485653	5.358161	0
630	1327559171.895843	18.248813	18.363474	5.358161	0
631	1327559172.939768	18.321634	18.266991	5.358161	0
632	1327559173.984915	18.323091	18.264566	5.358161	0
633	1327559175.028809	18.323091	18.264566	5.358161	0
634	1327559176.391916	18.323091	18.264566	5.358161	51
635	1327559176.391916	18.323091	18.264566	5.358161	0
636	1327559195.926979	18.324061	18.264324	5.358161	0
637	1327559196.985005	18.324061	18.264324	5.358161	0
638	1327559198.040954	18.350519	18.229901	5.358161	0
639	1327559199.085004	18.442518	18.106994	5.358161	0
640	1327559200.127904	18.526263	17.996450	5.358161	0
641	1327559201.200058	18.619474	17.874271	5.358161	0
642	1327559202.244935	18.702977	17.762758	5.358161	0
643	1327559203.300956	18.797400	17.641307	5.375614	0
644	1327559204.343792	18.883569	17.532221	5.375614	0
645	1327559207.267957	18.926046	17.479375	5.393067	52
646	1327559207.267957	18.927017	17.479133	5.375614	0
647	1327559226.242994	18.927017	17.479133	5.375614	0
648	1327559227.288810	18.927017	17.479133	5.375614	0
649	1327559228.329067	18.953717	17.445680	5.393067	0
650	1327559229.392976	19.048624	17.326170	5.393067	0
651	1327559230.436951	19.135763	17.216841	5.393067	0
652	1327559231.496892	19.231641	17.097089	5.393067	0
653	1327559232.540976	19.318780	16.987761	5.393067	0
654	1327559233.615782	19.413687	16.868251	5.393067	0
655	1327559234.655795	19.501068	16.759893	5.393067	0
656	1327559235.700820	19.596704	16.639170	5.358161	0
657	1327559236.743825	19.654961	16.562808	5.358161	0
658	1327559238.744141	19.654961	16.562808	5.358161	53
659	1327559238.744141	19.654961	16.562808	5.358161	0
660	1327559258.642270	19.654961	16.562808	5.358161	0
661	1327559259.704879	19.654961	16.562808	5.358161	0
662	1327559260.748852	19.723412	16.473599	5.358161	0
663	1327559261.808956	19.814199	16.349963	5.305801	0
664	1327559262.856919	19.892853	16.235536	5.305801	0
665	1327559263.887037	19.971265	16.120138	5.305801	0
666	1327559264.932734	20.056960	15.992619	5.305801	0
667	1327559265.976636	20.135372	15.877221	5.305801	0
668	1327559267.020876	20.221310	15.750672	5.305801	0
669	1327559268.052006	20.299722	15.635275	5.305801	0
670	1327559269.117174	20.369152	15.533454	5.305801	0
671	1327559270.723851	20.369152	15.533454	5.305801	54
672	1327559270.723851	20.368910	15.532483	5.305801	0
673	1327559290.066819	20.368910	15.532483	5.305801	0
674	1327559291.112718	20.368910	15.532483	5.305801	0
675	1327559292.156662	20.433241	15.439148	5.305801	0
676	1327559293.220945	20.518937	15.311628	5.288348	0
677	1327559294.260961	20.587651	15.190404	5.218534	0
678	1327559295.324982	20.661466	15.056571	5.218534	0
679	1327559296.372786	20.728968	14.934618	5.218534	0
680	1327559297.396783	20.800107	14.814851	5.270894	0
681	1327559298.435767	20.880954	14.684418	5.270894	0
682	1327559300.119900	20.929508	14.610475	5.323254	55
683	1327559300.119900	20.934120	14.604172	5.323254	0
684	1327559322.488145	20.934120	14.604172	5.323254	0
685	1327559323.532753	20.934120	14.604172	5.323254	0
686	1327559324.572794	20.997481	14.511078	5.323254	0
687	1327559325.636890	21.085601	14.385015	5.323254	0
688	1327559326.680961	21.164497	14.271559	5.323254	0
689	1327559327.751884	21.252617	14.145496	5.323254	0
690	1327559328.796781	21.332241	14.030827	5.323254	0
691	1327559329.856058	21.419391	13.905006	5.323254	0
692	1327559330.899638	21.499015	13.790337	5.323254	0
693	1327559331.939895	21.589802	13.666701	5.393067	0
694	1327559332.984798	21.678154	13.558101	5.393067	0
695	1327559334.028687	21.774515	13.440290	5.393067	0
696	1327559335.631158	21.831073	13.365382	5.340708	56
697	1327559335.631158	21.832772	13.363928	5.340708	0
698	1327559353.128094	21.832772	13.363928	5.340708	0
699	1327559354.171618	21.832772	13.363928	5.340708	0
700	1327559355.227807	21.858018	13.328776	5.340708	0
701	1327559356.263761	21.947592	13.204412	5.340708	0
702	1327559357.308683	22.027458	13.090713	5.305801	0
703	1327559358.351857	22.114366	12.963922	5.305801	0
704	1327559359.392837	22.192778	12.848525	5.305801	0
705	1327559360.444059	22.278474	12.721005	5.288348	0
706	1327559361.488781	22.345976	12.599052	5.166175	0
707	1327559362.548945	22.410094	12.459392	5.096361	0
708	1327559363.592973	22.460380	12.330395	5.078908	0
709	1327559364.990923	22.485403	12.265411	5.078908	57
710	1327559364.990923	22.495605	12.240194	5.078908	0
711	1327559386.511949	22.494635	12.240436	5.078908	0
712	1327559387.556816	22.494635	12.240436	5.078908	0
713	1327559388.601845	22.515284	12.186849	5.078908	0
714	1327559389.668930	22.565329	12.056881	5.061455	0
715	1327559390.716759	22.606401	11.923998	4.991642	0
716	1327559391.760790	22.645544	11.775106	4.939282	0
717	1327559392.804048	22.674491	11.639061	4.869469	0
718	1327559393.804782	22.690344	11.500099	4.799655	0
719	1327559394.843833	22.691411	11.347302	4.642576	0
720	1327559395.891873	22.673551	11.209530	4.537856	0
721	1327559396.932983	22.640652	11.073447	4.398230	0
722	1327559397.976884	22.585444	10.930558	4.293510	0
723	1327559399.020825	22.521491	10.810463	4.171337	0
724	1327559403.504149	22.484422	10.748593	4.171337	58
725	1327559403.504149	22.476912	10.735006	4.171337	0
726	1327559421.427193	22.476912	10.735006	4.171337	0
727	1327559422.451827	22.476912	10.735006	4.171337	0
728	1327559423.496844	22.454379	10.698369	4.153884	0
729	1327559424.548666	22.373444	10.584568	4.049164	0
730	1327559425.588944	22.271894	10.470755	3.926991	0
731	1327559426.632866	22.167419	10.378283	3.804818	0
732	1327559427.672054	22.039900	10.292587	3.682645	0
733	1327559428.717043	21.920132	10.221448	3.665191	0
734	1327559429.781057	21.785571	10.148845	3.612832	0
735	1327559430.821065	21.660705	10.086192	3.595378	0
736	1327559431.896018	21.521286	10.023044	3.543018	0
737	1327559432.939985	21.392292	9.968635	3.543018	0
738	1327559434.555966	21.355436	9.953089	3.543018	59
739	1327559434.555966	21.355436	9.953089	3.543018	0
740	1327559457.763955	21.355436	9.953089	3.543018	0
741	1327559458.805638	21.355436	9.953089	3.543018	0
742	1327559459.848955	21.316398	9.937057	3.543018	0
743	1327559460.912901	21.174795	9.877546	3.543018	0
744	1327559461.956839	21.044586	9.826531	3.508112	0
745	1327559463.015944	20.901523	9.773568	3.490659	0
746	1327559464.063418	20.770827	9.724736	3.490659	0
747	1327559465.104826	20.624123	9.677834	3.438299	0
748	1327559466.144637	20.491481	9.637731	3.438299	0
749	1327559467.188879	20.344532	9.593982	3.438299	0
750	1327559468.224901	20.210920	9.554122	3.438299	0
751	1327559469.268790	20.063971	9.510372	3.438299	0
752	1327559470.307944	19.930359	9.470512	3.438299	0
753	1327559471.760154	19.891561	9.459573	3.438299	60
754	1327559471.760154	19.891561	9.459573	3.438299	0
755	1327559493.819873	19.891561	9.459573	3.438299	0
756	1327559494.860921	19.891561	9.459573	3.438299	0
757	1327559495.909002	19.783410	9.426763	3.438299	0
758	1327559496.952971	19.649312	9.389085	3.385939	0
759	1327559498.020017	19.499447	9.354307	3.351032	0
760	1327559499.064914	19.349337	9.322683	3.351032	0
761	1327559500.108788	19.213293	9.293735	3.351032	0
762	1327559501.147737	19.077007	9.263817	3.351032	0
763	1327559502.191624	18.926898	9.232192	3.333579	0
764	1327559503.236671	18.789152	9.208822	3.281219	0
765	1327559504.272922	18.651646	9.190544	3.281219	0
766	1327559505.320902	18.499346	9.170803	3.281219	0
767	1327559506.363015	18.499346	9.170803	3.281219	61
768	1327559506.363015	18.472669	9.167148	3.281219	0
769	1327559525.410870	18.472669	9.167148	3.281219	0
770	1327559526.460803	18.470729	9.167632	3.281219	0
771	1327559527.508796	18.333223	9.149355	3.281219	0
772	1327559528.547946	18.195716	9.131077	3.281219	0
773	1327559529.620867	18.043172	9.114488	3.193953	0
774	1327559530.664804	17.902989	9.110277	3.176499	0
775	1327559531.739934	17.749222	9.109452	3.124139	0
776	1327559532.789757	17.596662	9.117601	3.036873	0
777	1327559533.840745	17.458646	9.138615	2.967060	0
778	1327559534.884640	17.322081	9.165450	2.914700	0
779	1327559535.928800	17.175078	9.208286	2.827433	0
780	1327559538.290985	17.083620	9.242425	2.757620	62
781	1327559538.290985	17.059360	9.252597	2.757620	0
782	1327559558.250957	17.059360	9.252597	2.757620	0
783	1327559559.292913	17.056449	9.253322	2.757620	0
784	1327559560.307848	16.942428	9.300302	2.757620	0
785	1327559561.347805	16.803171	9.365941	2.652900	0
786	1327559562.392795	16.680164	9.430620	2.652900	0
787	1327559563.443838	16.550113	9.512515	2.530727	0
788	1327559564.488493	16.440675	9.598546	2.460914	0
789	1327559565.548682	16.324437	9.698640	2.391101	0
790	1327559566.572053	16.218136	9.809654	2.268928	0
791	1327559567.639998	16.134634	9.921167	2.164208	0
792	1327559568.689603	16.059858	10.038750	2.094395	0
793	1327559570.140188	16.039464	10.072692	2.094395	63
794	1327559570.140188	16.039464	10.072692	2.094395	0
795	1327559588.890924	16.039464	10.072692	2.094395	0
796	1327559589.936798	16.039464	10.072692	2.094395	0
797	1327559590.980840	15.983618	10.171126	2.059489	0
798	1327559592.011657	15.919017	10.308846	1.989675	0
799	1327559593.052811	15.867032	10.439297	1.937315	0
800	1327559594.104791	15.822564	10.570966	1.867502	0
801	1327559595.148814	15.783180	10.718888	1.815142	0
802	1327559596.192928	15.755444	10.855660	1.745329	0
803	1327559597.224896	15.730862	10.992677	1.745329	0
804	1327559598.272937	15.703602	11.143760	1.745329	0
805	1327559599.316566	15.687050	11.238581	1.745329	0
806	1327559600.363867	15.687050	11.238581	1.745329	0
807	1327559601.971183	15.687050	11.238581	1.745329	64
808	1327559601.971183	15.687050	11.238581	1.745329	0
809	1327559620.099233	15.687050	11.238581	1.745329	0
810	1327559621.175968	15.687050	11.238581	1.745329	0
811	1327559622.216772	15.666364	11.349891	1.745329	0
812	1327559623.275823	15.639832	11.499762	1.745329	0
813	1327559624.332939	15.616704	11.638477	1.692969	0
814	1327559625.376807	15.601085	11.790780	1.675516	0
815	1327559626.420765	15.587173	11.929259	1.675516	0
816	1327559627.464858	15.572525	12.081320	1.675516	0
817	1327559628.507850	15.556914	12.221253	1.710423	0
818	1327559629.556741	15.534748	12.372096	1.727876	0
819	1327559631.739008	15.520378	12.467403	1.727876	65
820	1327559631.739008	15.520378	12.467403	1.727876	0
821	1327559649.856016	15.520378	12.467403	1.727876	0
822	1327559650.896845	15.520378	12.467403	1.727876	0
823	1327559651.940819	15.505521	12.564893	1.727876	0
824	1327559653.005139	15.473161	12.728585	1.780236	0
825	1327559654.067986	15.443243	12.864871	1.780236	0
826	1327559655.112966	15.413324	13.001157	1.780236	0
827	1327559656.168869	15.380488	13.150538	1.780236	0
828	1327559657.208128	15.359812	13.245356	1.780236	0
829	1327559658.491119	15.359812	13.245356	1.780236	66
830	1327559658.491119	15.359812	13.245356	1.780236	0
831	1327559676.280172	15.359812	13.245356	1.780236	0
832	1327559677.336981	15.359812	13.245356	1.780236	0
833	1327559678.380972	15.342055	13.327080	1.780236	0
834	1327559679.424800	15.312137	13.463366	1.780236	0
835	1327559680.488013	15.279542	13.613717	1.780236	0
836	1327559681.532970	15.246471	13.749759	1.832596	0
837	1327559682.599585	15.204663	13.896224	1.867502	0
838	1327559683.643776	15.163832	14.030078	1.867502	0
839	1327559684.688830	15.119841	14.176056	1.867502	0
840	1327559685.731798	15.072221	14.307481	1.937315	0
841	1327559686.772748	15.018287	14.450785	1.937315	0
842	1327559687.811886	14.968484	14.581723	1.937315	0
843	1327559689.655215	14.940788	14.656649	1.937315	67
844	1327559689.655215	14.934958	14.670470	1.937315	0
845	1327559708.558982	14.934958	14.670470	1.937315	0
846	1327559709.628804	14.934958	14.670470	1.937315	0
847	1327559710.672738	14.932042	14.679442	1.937315	0
848	1327559711.712609	14.885640	14.803348	1.902409	0
849	1327559712.756850	14.841172	14.935017	1.867502	0
850	1327559713.827856	14.796929	15.096518	1.780236	0
851	1327559714.892831	14.769193	15.233290	1.745329	0
852	1327559715.935847	14.744610	15.370307	1.745329	0
853	1327559716.997105	14.717351	15.521390	1.745329	0
854	1327559718.040893	14.692768	15.658407	1.745329	0
855	1327559719.075834	14.668185	15.795424	1.745329	0
856	1327559720.116902	14.640926	15.946506	1.745329	0
857	1327559721.164699	14.616343	16.083524	1.745329	0
858	1327559722.207682	14.590053	16.234364	1.745329	0
859	1327559723.248772	14.572289	16.328457	1.745329	0
860	1327559724.926816	14.572289	16.328457	1.745329	68
861	1327559724.926816	14.572289	16.328457	1.745329	0
862	1327559744.435168	14.572531	16.329427	1.745329	0
863	1327559745.479604	14.572531	16.329427	1.745329	0
864	1327559746.543904	14.572531	16.329427	1.745329	0
865	1327559747.588667	14.572531	16.329427	1.745329	0
866	1327559748.628800	14.572531	16.329427	1.745329	0
867	1327559749.672787	14.572531	16.329427	1.745329	0
868	1327559750.716000	14.552815	16.440496	1.745329	0
869	1327559751.760916	14.519744	16.576538	1.867502	0
870	1327559752.820958	14.475025	16.723728	1.867502	0
871	1327559753.868795	14.429093	16.870191	1.919862	0
872	1327559754.928846	14.379048	17.000158	1.972222	0
873	1327559755.987843	14.324397	17.128183	1.972222	0
874	1327559757.035773	14.262461	17.268329	2.024582	0
875	1327559758.075761	14.199566	17.392225	2.094395	0
876	1327559759.107683	14.115083	17.520473	2.216568	0
877	1327559760.387853	14.099789	17.541806	2.216568	69
878	1327559760.387853	14.099789	17.541806	2.216568	0
879	1327559778.636191	14.099789	17.541806	2.216568	0
880	1327559779.655579	14.099789	17.541806	2.216568	0
881	1327559780.700612	14.057310	17.598775	2.216568	0
882	1327559781.764782	13.963857	17.719984	2.268928	0
883	1327559782.804927	13.861434	17.834154	2.338741	0
884	1327559783.840812	13.759267	17.928678	2.408554	0
885	1327559784.883882	13.655646	18.021504	2.408554	0
886	1327559785.963138	13.530912	18.132991	2.408554	0
887	1327559787.020794	13.424624	18.223390	2.460914	0
888	1327559788.080734	13.311066	18.305295	2.548181	0
889	1327559789.128022	13.180289	18.384279	2.617994	0
890	1327559790.727922	13.121088	18.419651	2.617994	70
891	1327559790.727922	13.097554	18.432734	2.617994	0
892	1327559809.152133	13.097554	18.432734	2.617994	0
893	1327559810.195632	13.097554	18.432734	2.617994	0
894	1327559811.244115	13.048058	18.461564	2.617994	0
895	1327559812.287045	12.927473	18.531823	2.617994	0
896	1327559813.373409	12.795243	18.609108	2.617994	0
897	1327559814.420644	12.675628	18.679125	2.617994	0
898	1327559815.468870	12.542427	18.756653	2.617994	0
899	1327559816.508840	12.459692	18.805107	2.617994	0
900	1327559817.868378	12.459692	18.805107	2.617994	71
901	1327559817.868378	12.459692	18.805107	2.617994	0
902	1327559836.819989	12.459692	18.805107	2.617994	0
903	1327559837.860884	12.459692	18.805107	2.617994	0
904	1327559838.896659	12.374287	18.855258	2.617994	0
905	1327559839.944844	12.241815	18.931573	2.617994	0
906	1327559841.004763	12.121230	19.001832	2.617994	0
907	1327559842.044930	11.988029	19.079359	2.617994	0
908	1327559843.088822	11.868414	19.149377	2.617994	0
909	1327559844.123795	11.746860	19.219878	2.617994	0
910	1327559845.168055	11.611237	19.291825	2.670354	0
911	1327559846.212902	11.486534	19.353835	2.670354	0
912	1327559847.256913	11.349943	19.421901	2.670354	0
913	1327559848.301714	11.219661	19.486333	2.670354	0
914	1327559849.435981	11.219661	19.486333	2.670354	72
915	1327559849.435981	11.213353	19.489967	2.670354	0
916	1327559868.203987	11.214323	19.489725	2.670354	0
917	1327559869.248905	11.214323	19.489725	2.670354	0
918	1327559870.292851	11.175748	19.508619	2.670354	0
919	1327559871.348816	11.038187	19.576927	2.670354	0
920	1327559872.395755	10.912272	19.638209	2.722714	0
921	1327559873.453015	10.769626	19.694387	2.775074	0
922	1327559874.496048	10.639354	19.742326	2.775074	0
923	1327559875.560892	10.495981	19.795594	2.792527	0
924	1327559876.608983	10.364739	19.843775	2.792527	0
925	1327559877.676850	10.221367	19.897042	2.792527	0
926	1327559880.163971	10.196865	19.906243	2.792527	73
927	1327559880.163971	10.196865	19.906243	2.792527	0
928	1327559898.971938	10.196865	19.906243	2.792527	0
929	1327559900.015961	10.193954	19.906969	2.792527	0
930	1327559901.068828	10.064652	19.954667	2.792527	0
931	1327559902.116909	9.934622	20.003577	2.792527	0
932	1327559903.160681	9.790038	20.056115	2.792527	0
933	1327559904.200686	9.660008	20.105025	2.792527	0
934	1327559905.268862	9.515423	20.157564	2.792527	0
935	1327559906.309391	9.372051	20.210831	2.792527	0
936	1327559907.374021	9.241293	20.260953	2.740167	0
937	1327559908.416763	9.113684	20.315443	2.740167	0
938	1327559909.472856	8.973218	20.376231	2.740167	0
939	1327559911.588155	8.948958	20.386402	2.740167	74
940	1327559911.588155	8.948958	20.386402	2.740167	0
941	1327559929.822868	8.948958	20.386402	2.740167	0
942	1327559930.880755	8.948958	20.386402	2.740167	0
943	1327559931.932675	8.895828	20.408924	2.740167	0
944	1327559932.983952	8.768462	20.464384	2.740167	0
945	1327559934.032842	8.639883	20.519116	2.740167	0
946	1327559935.087822	8.498446	20.580146	2.740167	0
947	1327559936.136850	8.371080	20.635606	2.740167	0
948	1327559937.163029	8.241289	20.689609	2.775074	0
949	1327559938.204779	8.097917	20.742876	2.775074	0
950	1327559939.244806	7.967645	20.790816	2.792527	0
951	1327559940.292742	7.824273	20.844083	2.792527	0
952	1327559947.864118	7.733786	20.877981	2.792527	75
953	1327559947.864118	7.733786	20.877981	2.775074	0
954	1327559966.056013	7.733786	20.877981	2.775074	0
955	1327559967.057061	7.731845	20.878465	2.792527	0
956	1327559968.116660	7.614915	20.922047	2.792527	0
957	1327559969.156656	7.484643	20.969987	2.792527	0
958	1327559970.200738	7.341271	21.023254	2.792527	0
959	1327559971.249546	7.210029	21.071435	2.792527	0
960	1327559972.252852	7.076851	21.111855	2.862340	0
961	1327559973.301107	6.929122	21.151780	2.914700	0
962	1327559974.343887	6.793525	21.182496	2.914700	0
963	1327559975.412783	6.644344	21.216599	2.914700	0
964	1327559977.336102	6.617904	21.222161	2.914700	76
965	1327559977.336102	6.617904	21.222161	2.914700	0
966	1327559995.743007	6.617904	21.222161	2.914700	0
967	1327559996.808968	6.610141	21.224096	2.914700	0
968	1327559997.860960	6.481337	21.253119	2.914700	0
969	1327559998.911903	6.331188	21.283341	2.967060	0
970	1327559999.956971	6.193898	21.307265	2.967060	0
971	1327560000.983869	6.056365	21.330219	2.984513	0
972	1327560002.028755	5.905007	21.355589	3.001966	0
973	1327560003.076770	5.766265	21.373692	3.036873	0
974	1327560004.115914	5.614186	21.387905	3.054326	0
975	1327560005.959172	5.533418	21.394645	3.054326	77
976	1327560005.959172	5.517409	21.396575	3.054326	0
977	1327560025.116102	5.517409	21.396575	3.054326	0
978	1327560026.159123	5.500188	21.397777	3.054326	0
979	1327560027.207818	5.362664	21.408362	3.124139	0
980	1327560028.212684	5.209381	21.409477	3.141593	0
981	1327560029.252609	5.070649	21.411087	3.141593	0
982	1327560030.316805	4.917366	21.412203	3.141593	0
983	1327560031.360976	4.777911	21.406779	3.193953	0
984	1327560032.416065	4.624878	21.396496	3.246312	0
985	1327560033.461084	4.487132	21.373125	3.351032	0
986	1327560034.524974	4.338724	21.335923	3.403392	0
987	1327560035.568975	4.246091	21.311611	3.403392	0
988	1327560037.434970	4.246091	21.311611	3.403392	78
989	1327560037.434970	4.246091	21.311611	3.403392	0
990	1327560056.968254	4.246091	21.311611	3.403392	0
991	1327560058.032030	4.245120	21.311853	3.403392	0
992	1327560059.080822	4.136968	21.283165	3.403392	0
993	1327560060.133035	3.989290	21.240628	3.473205	0
994	1327560061.180059	3.858108	21.193978	3.525565	0
995	1327560062.256122	3.719418	21.129619	3.630285	0
996	1327560063.256840	3.600866	21.055085	3.769911	0
997	1327560064.308678	3.494206	20.966250	3.909538	0
998	1327560065.356877	3.415435	20.881798	4.031711	0
999	1327560066.400838	3.333533	20.764116	4.171337	0
1000	1327560067.440863	3.269582	20.639897	4.310963	0
1001	1327560068.501052	3.222371	20.508413	4.415683	0
1002	1327560069.858959	3.212207	20.471784	4.415683	79
1003	1327560069.858959	3.211724	20.469843	4.415683	0
1004	1327560087.610944	3.211724	20.469843	4.415683	0
1005	1327560088.660902	3.210998	20.466932	4.415683	0
1006	1327560089.704760	3.178331	20.348312	4.485496	0
1007	1327560090.753805	3.154901	20.196469	4.642576	0
1008	1327560091.792667	3.153049	20.056768	4.764749	0
1009	1327560092.849737	3.172062	19.905680	4.886922	0
1010	1327560093.892809	3.196403	19.767693	4.886922	0
1011	1327560094.948968	3.222934	19.617822	4.886922	0
1012	1327560095.993020	3.247275	19.479835	4.886922	0
1013	1327560097.048843	3.269423	19.357854	4.886922	0
1014	1327560099.243988	3.269423	19.357854	4.886922	80
1015	1327560099.243988	3.269423	19.357854	4.886922	0
1016	1327560117.971111	3.269423	19.357854	4.886922	0
1017	1327560119.020810	3.269423	19.357854	4.886922	0
1018	1327560120.075250	3.283785	19.274915	4.886922	0
1019	1327560121.119803	3.309338	19.137656	4.886922	0
1020	1327560122.163846	3.335627	18.986816	4.886922	0
1021	1327560123.207830	3.359968	18.848828	4.886922	0
1022	1327560124.248867	3.387470	18.698716	4.886922	0
1023	1327560125.296678	3.411810	18.560729	4.886922	0
1024	1327560126.316903	3.436393	18.423712	4.886922	0
1025	1327560127.361076	3.463653	18.272629	4.886922	0
1026	1327560128.405040	3.488236	18.135612	4.886922	0
1027	1327560129.443830	3.509897	18.015813	4.886922	0
1028	1327560131.847133	3.509897	18.015813	4.886922	81
1029	1327560131.847133	3.510383	18.013631	4.886922	0
1030	1327560150.275856	3.510383	18.013631	4.886922	0
1031	1327560151.331678	3.512329	18.004901	4.886922	0
1032	1327560152.375852	3.535695	17.875401	4.886922	0
1033	1327560153.423992	3.560277	17.738384	4.886922	0
1034	1327560154.468867	3.587537	17.587302	4.886922	0
1035	1327560155.516780	3.613090	17.450043	4.921828	0
1036	1327560156.543043	3.640826	17.313270	4.921828	0
1037	1327560157.587748	3.678998	17.164620	4.974188	0
1038	1327560158.632680	3.715705	17.030764	4.974188	0
1039	1327560159.680628	3.748300	16.880412	4.904375	0
1040	1327560160.719637	3.775065	16.743881	4.904375	0
1041	1327560161.776623	3.803537	16.593527	4.904375	0
1042	1327560162.979067	3.808888	16.569520	4.904375	82
1043	1327560162.979067	3.809375	16.567337	4.904375	0
1044	1327560184.419963	3.809375	16.567337	4.904375	0
1045	1327560185.476973	3.810350	16.558849	4.904375	0
1046	1327560186.520754	3.835898	16.429836	4.904375	0
1047	1327560187.584963	3.865340	16.279240	4.904375	0
1048	1327560188.641011	3.890893	16.141981	4.904375	0
1049	1327560189.684942	3.920335	15.991385	4.904375	0
1050	1327560190.732939	3.947101	15.854854	4.904375	0
1051	1327560191.759607	3.972896	15.718566	4.904375	0
1052	1327560192.808770	4.002338	15.567970	4.904375	0
1053	1327560193.852627	4.028861	15.430469	4.904375	0
1054	1327560195.692091	4.046626	15.336376	4.904375	83
1055	1327560195.692091	4.046626	15.336376	4.904375	0
1056	1327560214.118946	4.046626	15.336376	4.904375	0
1057	1327560215.164773	4.046626	15.336376	4.904375	0
1058	1327560216.216664	4.054656	15.294180	4.904375	0
1059	1327560217.255728	4.084098	15.143584	4.904375	0
1060	1327560218.304928	4.110863	15.007053	4.904375	0
1061	1327560219.349790	4.129869	14.868335	4.834562	0
1062	1327560220.396924	4.149853	14.717005	4.834562	0
1063	1327560221.436023	4.166918	14.578771	4.834562	0
1064	1327560222.436427	4.183982	14.440536	4.834562	0
1065	1327560223.476808	4.203724	14.288236	4.834562	0
1066	1327560224.511685	4.220789	14.150002	4.834562	0
1067	1327560225.556985	4.237854	14.011767	4.834562	0
1068	1327560227.259250	4.248582	13.922521	4.834562	84
1069	1327560227.259250	4.250041	13.915973	4.834562	0
1070	1327560252.311989	4.250041	13.915973	4.834562	0
1071	1327560253.359404	4.250041	13.915973	4.834562	0
1072	1327560254.404796	4.263451	13.804415	4.834562	0
1073	1327560255.444783	4.280516	13.666181	4.834562	0
1074	1327560256.511973	4.300016	13.512911	4.834562	0
1075	1327560257.568796	4.317081	13.374676	4.817109	0
1076	1327560258.612908	4.326394	13.221885	4.764749	0
1077	1327560259.676948	4.332788	13.082188	4.764749	0
1078	1327560260.723957	4.340161	12.929880	4.764749	0
1079	1327560261.772000	4.345585	12.790426	4.764749	0
1080	1327560262.832826	4.352715	12.637148	4.764749	0
1081	1327560264.443994	4.353459	12.611197	4.764749	85
1082	1327560264.443994	4.353459	12.611197	4.764749	0
1083	1327560285.402944	4.353459	12.611197	4.764749	0
1084	1327560286.452623	4.354927	12.592280	4.764749	0
1085	1327560287.500825	4.361571	12.441184	4.764749	0
1086	1327560288.548561	4.365054	12.302214	4.694936	0
1087	1327560289.608627	4.360785	12.148686	4.677482	0
1088	1327560290.656811	4.356023	12.009710	4.677482	0
1089	1327560291.720932	4.350784	11.856424	4.712389	0
1090	1327560292.773029	4.355238	11.717211	4.764749	0
1091	1327560293.824838	4.364551	11.564420	4.764749	0
1092	1327560294.864795	4.371671	11.427634	4.764749	0
1093	1327560296.579283	4.372893	11.411870	4.764749	86
1094	1327560296.579283	4.372893	11.411870	4.764749	0
1095	1327560314.919140	4.372893	11.411870	4.764749	0
1096	1327560315.968989	4.372893	11.411870	4.764749	0
1097	1327560316.972739	4.378291	11.313647	4.764749	0
1098	1327560318.020756	4.386634	11.161097	4.764749	0
1099	1327560319.072732	4.395211	11.021887	4.764749	0
1100	1327560320.092850	4.402575	10.881949	4.764749	0
1101	1327560321.136012	4.411888	10.729157	4.799655	0
1102	1327560322.184844	4.426771	10.590436	4.817109	0
1103	1327560323.248845	4.443360	10.437892	4.817109	0
1104	1327560324.297026	4.458000	10.298200	4.782202	0
1105	1327560325.359883	4.458097	10.145645	4.642576	0
1106	1327560326.420837	4.447996	10.010062	4.642576	0
1107	1327560328.030980	4.447996	10.010062	4.642576	87
1108	1327560328.030980	4.447036	9.993811	4.642576	0
1109	1327560348.287899	4.447036	9.993811	4.642576	0
1110	1327560349.339896	4.447036	9.993811	4.642576	0
1111	1327560350.388812	4.443667	9.951365	4.642576	0
1112	1327560351.448876	4.429212	9.798316	4.555309	0
1113	1327560352.492949	4.399466	9.662477	4.433136	0
1114	1327560353.572888	4.350567	9.515955	4.363323	0
1115	1327560354.615888	4.297047	9.388105	4.293510	0
1116	1327560355.672777	4.235289	9.247880	4.293510	0
1117	1327560356.715861	4.171338	9.123661	4.206243	0
1118	1327560357.764704	4.094782	8.990218	4.136430	0
1119	1327560358.811857	4.013118	8.877630	4.066617	0
1120	1327560359.886598	3.920789	8.755334	4.014257	0
1121	1327560360.940788	3.824567	8.654620	3.892084	0
1122	1327560361.984648	3.741178	8.584717	3.804818	0
1123	1327560363.192041	3.741178	8.584717	3.804818	88
1124	1327560363.192041	3.741178	8.584717	3.804818	0
1125	1327560380.979850	3.741178	8.584717	3.804818	0
1126	1327560382.024812	3.741178	8.584717	3.804818	0
1127	1327560383.064942	3.651727	8.515296	3.787364	0
1128	1327560384.112925	3.535601	8.438096	3.700098	0
1129	1327560385.164818	3.400311	8.366705	3.560472	0
1130	1327560386.208981	3.270830	8.314478	3.525565	0
1131	1327560387.276906	3.127526	8.260544	3.438299	0
1132	1327560388.328950	2.992941	8.225049	3.385939	0
1133	1327560389.384671	2.842347	8.191484	3.316126	0
1134	1327560390.435655	2.704597	8.176359	3.211406	0
1135	1327560391.484783	2.551321	8.165106	3.211406	0
1136	1327560393.247134	2.435880	8.156786	3.211406	89
1137	1327560393.247134	2.428604	8.156539	3.211406	0
1138	1327560411.675950	2.428604	8.156539	3.211406	0
1139	1327560412.720800	2.427392	8.155811	3.211406	0
1140	1327560413.776921	2.315103	8.147736	3.211406	0
1141	1327560414.820943	2.176137	8.136007	3.281219	0
1142	1327560415.875963	2.025297	8.109717	3.316126	0
1143	1327560416.921069	1.888279	8.085134	3.316126	0
1144	1327560417.947869	1.751262	8.060552	3.316126	0
1145	1327560418.996847	1.599207	8.037657	3.263766	0
1146	1327560420.043773	1.460241	8.025928	3.193953	0
1147	1327560421.816122	1.422650	8.023963	3.193953	90
1148	1327560421.816122	1.420467	8.023477	3.193953	0
1149	1327560441.523178	1.420467	8.023477	3.193953	0
1150	1327560442.588967	1.391363	8.022488	3.193953	0
1151	1327560443.634500	1.251667	8.016094	3.193953	0
1152	1327560444.680806	1.098144	8.012116	3.106686	0
1153	1327560445.732956	0.958924	8.020032	3.071779	0
1154	1327560446.768638	0.820671	8.031829	3.054326	0
1155	1327560447.816797	0.667380	8.045314	3.054326	0
1156	1327560448.860687	0.529127	8.057111	3.054326	0
1157	1327560449.904857	0.375836	8.070596	3.054326	0
1158	1327560451.547116	0.296280	8.078064	3.054326	91
1159	1327560451.547116	0.281000	8.078782	3.054326	0
1160	1327560478.951993	0.281000	8.078782	3.054326	0
1161	1327560480.000900	0.281000	8.078782	3.054326	0
1162	1327560481.035979	0.281000	8.078782	3.054326	0
1163	1327560482.061007	0.237825	8.083363	3.054326	0
1164	1327560483.100870	0.084534	8.096848	3.054326	0
1165	1327560484.149668	-0.054447	8.109857	3.019420	0
1166	1327560485.175746	-0.191737	8.133781	2.949606	0
1167	1327560486.224891	-0.340434	8.169825	2.879793	0
1168	1327560487.272802	-0.474822	8.205393	2.879793	0
1169	1327560488.319897	-0.622551	8.245317	2.862340	0
1170	1327560489.372801	-0.713762	8.272181	2.844887	0
1171	1327560490.412852	-0.822195	8.304370	2.844887	0
1172	1327560491.432945	-0.956585	8.344061	2.844887	0
1173	1327560493.515979	-1.045855	8.370441	2.844887	92
1174	1327560493.515979	-1.047796	8.370925	2.844887	0
1175	1327560511.311242	-1.047796	8.370925	2.844887	0
1176	1327560512.363897	-1.047796	8.370925	2.844887	0
1177	1327560513.420028	-1.102619	8.386655	2.844887	0
1178	1327560514.468935	-1.236038	8.426104	2.844887	0
1179	1327560515.528078	-1.382800	8.469910	2.844887	0
1180	1327560516.580929	-1.516220	8.509359	2.844887	0
1181	1327560517.635822	-1.663223	8.552194	2.844887	0
1182	1327560518.692691	-1.798097	8.589945	2.897247	0
1183	1327560519.740692	-1.946552	8.626959	2.914700	0
1184	1327560520.796663	-2.082636	8.659857	2.914700	0
1185	1327560521.858932	-2.232061	8.697113	2.879793	0
1186	1327560523.867128	-2.270873	8.706790	2.879793	93
1187	1327560523.867128	-2.270873	8.706790	2.879793	0
1188	1327560542.200146	-2.270873	8.706790	2.879793	0
1189	1327560543.244787	-2.270873	8.706790	2.879793	0
1190	1327560544.288469	-2.365478	8.732439	2.879793	0
1191	1327560545.332832	-2.514420	8.771636	2.879793	0
1192	1327560546.368725	-2.648565	8.808174	2.879793	0
1193	1327560547.468788	-2.796537	8.847129	2.879793	0
1194	1327560548.512799	-2.930682	8.883667	2.844887	0
1195	1327560549.572546	-3.076476	8.931354	2.827433	0
1196	1327560550.665839	-3.222270	8.979041	2.792527	0
1197	1327560551.716806	-3.353029	9.029163	2.775074	0
1198	1327560552.756806	-3.496159	9.083401	2.775074	0
1199	1327560553.804054	-3.638805	9.139579	2.775074	0
1200	1327560554.848660	-3.729293	9.173477	2.792527	0
1201	1327560555.895960	-3.729293	9.173477	2.792527	94
1202	1327560555.895960	-3.729293	9.173477	2.792527	0
1203	1327560574.003406	-3.729293	9.173477	2.792527	0
1204	1327560575.051913	-3.729293	9.173477	2.792527	0
1205	1327560576.100804	-3.848405	9.216573	2.792527	0
1206	1327560577.155044	-3.981341	9.257962	2.844887	0
1207	1327560578.207979	-4.115005	9.300564	2.792527	0
1208	1327560579.255759	-4.258861	9.351890	2.792527	0
1209	1327560580.308666	-4.390587	9.398131	2.792527	0
1210	1327560581.356768	-4.535413	9.449700	2.792527	0
1211	1327560582.404614	-4.667140	9.495941	2.792527	0
1212	1327560583.444867	-4.811966	9.547509	2.792527	0
1213	1327560585.367920	-4.836468	9.556710	2.792527	95
1214	1327560585.367920	-4.836468	9.556710	2.792527	0
1215	1327560603.751835	-4.836468	9.556710	2.792527	0
1216	1327560604.796573	-4.836468	9.556710	2.792527	0
1217	1327560605.844768	-4.943450	9.594721	2.792527	0
1218	1327560606.891973	-5.074934	9.641932	2.792527	0
1219	1327560607.948890	-5.219761	9.693500	2.792527	0
1220	1327560608.992830	-5.352938	9.733920	2.862340	0
1221	1327560610.067801	-5.500184	9.775785	2.862340	0
1222	1327560611.116801	-5.632636	9.819115	2.792527	0
1223	1327560612.172713	-5.776008	9.872382	2.792527	0
1224	1327560613.620056	-5.801722	9.880855	2.792527	96
1225	1327560613.620056	-5.801722	9.880855	2.792527	0
1226	1327560630.831999	-5.801722	9.880855	2.792527	0
1227	1327560631.880842	-5.801722	9.880855	2.792527	0
1228	1327560632.933591	-5.841265	9.895867	2.775074	0
1229	1327560633.992777	-5.984638	9.949134	2.775074	0
1230	1327560635.059827	-6.128980	10.002643	2.775074	0
1231	1327560636.112773	-6.259010	10.051553	2.775074	0
1232	1327560637.160014	-6.402382	10.104820	2.775074	0
1233	1327560638.216888	-6.533383	10.153972	2.775074	0
1234	1327560639.288933	-6.676755	10.207239	2.775074	0
1235	1327560640.336489	-6.820127	10.260507	2.775074	0
1236	1327560641.387768	-6.952582	10.307960	2.844887	0
1237	1327560642.435789	-7.085273	10.346196	2.862340	0
1238	1327560645.005340	-7.189339	10.375235	2.862340	97
1239	1327560645.005340	-7.191280	10.375719	2.862340	0
1240	1327560663.552022	-7.191280	10.375719	2.862340	0
1241	1327560664.600852	-7.193220	10.376203	2.862340	0
1242	1327560665.648666	-7.325912	10.414439	2.862340	0
1243	1327560666.700831	-7.459815	10.451948	2.862340	0
1244	1327560667.710688	-7.606819	10.494783	2.862340	0
1245	1327560668.779945	-7.740722	10.532292	2.862340	0
1246	1327560669.833024	-7.875354	10.571012	2.844887	0
1247	1327560670.897053	-8.020422	10.621611	2.792527	0
1248	1327560671.945003	-8.150694	10.669550	2.775074	0
1249	1327560673.000863	-8.293825	10.723788	2.775074	0
1250	1327560674.043795	-8.424097	10.771727	2.775074	0
1251	1327560675.104845	-8.552428	10.819183	2.809980	0
1252	1327560676.555990	-8.554369	10.819667	2.809980	98
1253	1327560676.555990	-8.554369	10.819667	2.809980	0
1254	1327560695.939992	-8.554369	10.819667	2.809980	0
1255	1327560696.991786	-8.554369	10.819667	2.809980	0
1256	1327560698.040946	-8.595366	10.832980	2.809980	0
1257	1327560699.087989	-8.740918	10.881638	2.809980	0
1258	1327560700.139912	-8.873128	10.925938	2.809980	0
1259	1327560701.188907	-9.018922	10.973626	2.827433	0
1260	1327560702.236902	-9.151132	11.017926	2.827433	0
1261	1327560703.271844	-9.283342	11.062227	2.827433	0
1262	1327560704.320895	-9.429862	11.107003	2.844887	0
1263	1327560705.367769	-9.563042	11.151545	2.792527	0
1264	1327560706.416640	-9.706656	11.203842	2.792527	0
1265	1327560707.464851	-9.744500	11.217400	2.792527	0
1266	1327560709.628015	-9.744500	11.217400	2.792527	99
1267	1327560709.628015	-9.744500	11.217400	2.792527	0
1268	1327560731.759953	-9.744500	11.217400	2.792527	0
1269	1327560732.808905	-9.744500	11.217400	2.792527	0
1270	1327560733.848943	-9.850512	11.255169	2.792527	0
1271	1327560734.908857	-9.994126	11.307466	2.792527	0
1272	1327560735.956021	-10.125611	11.354677	2.792527	0
1273	1327560737.020897	-10.269225	11.406974	2.792527	0
1274	1327560738.067949	-10.413081	11.458300	2.792527	0
1275	1327560739.128774	-10.544081	11.507452	2.757620	0
1276	1327560740.191827	-10.632147	11.546930	2.687807	0
1277	1327560741.598951	-10.632147	11.546930	2.687807	100
1278	1327560741.598951	-10.632147	11.546930	2.687807	0
1279	1327560761.315932	-10.632147	11.546930	2.687807	0
1280	1327560762.364649	-10.632147	11.546930	2.687807	0
1281	1327560763.412827	-10.734285	11.596100	2.687807	0
1282	1327560764.464641	-10.859230	11.657140	2.687807	0
1283	1327560765.504810	-10.999696	11.717927	2.757620	0
1284	1327560766.552790	-11.130213	11.769020	2.757620	0
1285	1327560767.620036	-11.272859	11.825198	2.757620	0
1286	1327560768.664911	-11.402406	11.876049	2.757620	0
1287	1327560769.708951	-11.545052	11.932227	2.757620	0
1288	1327560770.753023	-11.675569	11.983319	2.757620	0
1289	1327560771.816928	-11.818215	12.039497	2.757620	0
1290	1327560772.864892	-11.945821	12.089864	2.757620	0
1291	1327560774.098878	-11.959891	12.095433	2.757620	101
1292	1327560774.098878	-11.959891	12.095433	2.757620	0
1293	1327560793.479926	-11.959891	12.095433	2.757620	0
1294	1327560794.524682	-11.987062	12.106330	2.757620	0
1295	1327560795.572686	-12.116608	12.157181	2.757620	0
1296	1327560796.628632	-12.259255	12.213359	2.757620	0
1297	1327560797.644793	-12.389772	12.264451	2.757620	0
1298	1327560798.688799	-12.519318	12.315302	2.757620	0
1299	1327560799.744657	-12.662935	12.371722	2.757620	0
1300	1327560800.791617	-12.792481	12.422572	2.757620	0
1301	1327560801.844681	-12.932464	12.485300	2.705260	0
1302	1327560802.888729	-13.059104	12.543671	2.705260	0
1303	1327560803.972969	-13.198361	12.609310	2.705260	0
1304	1327560805.020625	-13.308020	12.661386	2.705260	0
1305	1327560806.064674	-13.309961	12.661870	2.705260	0
1306	1327560807.427812	-13.309961	12.661870	2.705260	102
1307	1327560807.427812	-13.309961	12.661870	2.705260	0
1308	1327560825.335952	-13.309961	12.661870	2.705260	0
1309	1327560826.384801	-13.312630	12.663566	2.705260	0
1310	1327560827.432843	-13.437088	12.722424	2.705260	0
1311	1327560828.483865	-13.564457	12.782007	2.705260	0
1312	1327560829.528955	-13.707103	12.838185	2.775074	0
1313	1327560830.576800	-13.836891	12.888065	2.775074	0
1314	1327560831.644922	-13.980022	12.942303	2.775074	0
1315	1327560832.688888	-14.111022	12.991454	2.775074	0
1316	1327560833.741037	-14.253427	13.048603	2.722714	0
1317	1327560834.788954	-14.380067	13.106974	2.670354	0
1318	1327560835.840102	-14.516658	13.175040	2.670354	0
1319	1327560837.283116	-14.540434	13.187152	2.670354	103
1320	1327560837.283116	-14.540434	13.187152	2.670354	0
1321	1327560856.235881	-14.541404	13.187394	2.670354	0
1322	1327560857.284895	-14.555961	13.195146	2.670354	0
1323	1327560858.332850	-14.691582	13.262970	2.670354	0
1324	1327560859.380643	-14.816042	13.325950	2.670354	0
1325	1327560860.381130	-14.940503	13.388931	2.670354	0
1326	1327560861.423836	-15.077822	13.458209	2.670354	0
1327	1327560862.472852	-15.202283	13.521190	2.670354	0
1328	1327560863.536651	-15.327713	13.584412	2.670354	0
1329	1327560864.579877	-15.465274	13.652720	2.687807	0
1330	1327560865.628896	-15.590461	13.712790	2.705260	0
1331	1327560866.680882	-15.729718	13.778429	2.705260	0
1332	1327560867.728848	-15.860484	13.840920	2.705260	0
1333	1327560869.179979	-15.860484	13.840920	2.705260	104
1334	1327560869.179979	-15.867034	13.843584	2.687807	0
1335	1327560887.472102	-15.867034	13.843584	2.687807	0
1336	1327560888.520915	-15.867034	13.843584	2.687807	0
1337	1327560889.584877	-15.969415	13.891784	2.705260	0
1338	1327560890.628624	-16.094843	13.950883	2.705260	0
1339	1327560891.680834	-16.234100	14.016522	2.705260	0
1340	1327560892.732896	-16.359773	14.078775	2.635447	0
1341	1327560893.779859	-16.490550	14.157759	2.600541	0
1342	1327560894.828885	-16.611134	14.228018	2.635447	0
1343	1327560895.876914	-16.745545	14.300693	2.635447	0
1344	1327560896.920987	-16.868068	14.367313	2.652900	0
1345	1327560897.975982	-17.003449	14.440231	2.652900	0
1346	1327560899.023981	-17.123302	14.505154	2.652900	0
1347	1327560900.312108	-17.123302	14.505154	2.652900	105
1348	1327560900.312108	-17.136889	14.512664	2.635447	0
1349	1327560918.919996	-17.136889	14.512664	2.635447	0
1350	1327560919.984080	-17.136889	14.512664	2.635447	0
1351	1327560921.027941	-17.211373	14.552878	2.652900	0
1352	1327560922.092492	-17.346754	14.625796	2.652900	0
1353	1327560923.141034	-17.469277	14.692416	2.652900	0
1354	1327560924.204038	-17.605625	14.761452	2.670354	0
1355	1327560925.252857	-17.742703	14.831701	2.670354	0
1356	1327560926.300992	-17.867163	14.894681	2.670354	0
1357	1327560927.351809	-17.991624	14.957662	2.670354	0
1358	1327560928.400742	-18.127973	15.026698	2.670354	0
1359	1327560929.452728	-18.252433	15.089679	2.670354	0
1360	1327560930.999154	-18.314543	15.121654	2.670354	106
1361	1327560930.999154	-18.351177	15.140064	2.670354	0
1362	1327560952.066927	-18.351177	15.140064	2.670354	0
1363	1327560953.116716	-18.351177	15.140064	2.670354	0
1364	1327560954.160643	-18.353118	15.140548	2.670354	0
1365	1327560955.200851	-18.476608	15.203286	2.670354	0
1366	1327560956.247940	-18.601069	15.266267	2.670354	0
1367	1327560957.300896	-18.737417	15.335303	2.670354	0
1368	1327560958.352827	-18.861878	15.398284	2.670354	0
1369	1327560959.404840	-18.999197	15.467562	2.670354	0
1370	1327560960.457057	-19.123658	15.530543	2.670354	0
1371	1327560961.516140	-19.260251	15.602732	2.617994	0
1372	1327560962.563764	-19.380107	15.671779	2.617994	0
1373	1327560964.331999	-19.462114	15.719021	2.617994	107
1374	1327560964.331999	-19.475701	15.726531	2.617994	0
1375	1327560982.619919	-19.475701	15.726531	2.617994	0
1376	1327560983.684657	-19.475701	15.726531	2.617994	0
1377	1327560984.740883	-19.573964	15.782980	2.617994	0
1378	1327560985.787739	-19.694790	15.852269	2.617994	0
1379	1327560986.832797	-19.827263	15.928584	2.617994	0
1380	1327560987.880628	-19.948090	15.997872	2.617994	0
1381	1327560988.928737	-20.081533	16.074429	2.617994	0
1382	1327560989.928858	-20.200663	16.146387	2.565634	0
1383	1327560990.976812	-20.317856	16.221984	2.565634	0
1384	1327560992.032067	-20.446694	16.304607	2.565634	0
1385	1327560993.042784	-20.564857	16.380446	2.583087	0
1386	1327560994.095724	-20.685200	16.451675	2.617994	0
1387	1327560995.147672	-20.804083	16.516357	2.652900	0
1388	1327560996.356161	-20.804083	16.516357	2.652900	108
1389	1327560996.356161	-20.805782	16.517811	2.652900	0
1390	1327561016.255821	-20.805782	16.517811	2.652900	0
1391	1327561017.304645	-20.813061	16.521687	2.652900	0
1392	1327561018.348829	-20.929759	16.582733	2.652900	0
1393	1327561019.393079	-21.053736	16.647654	2.652900	0
1394	1327561020.436050	-21.188875	16.721542	2.600541	0
1395	1327561021.480832	-21.308247	16.792529	2.600541	0
1396	1327561022.532828	-21.438782	16.872483	2.548181	0
1397	1327561023.579693	-21.554520	16.949779	2.548181	0
1398	1327561024.620809	-21.681663	17.035071	2.548181	0
1399	1327561025.668832	-21.798372	17.112609	2.548181	0
1400	1327561026.711903	-21.925514	17.197901	2.548181	0
1401	1327561027.756700	-22.041253	17.275196	2.548181	0
1402	1327561028.824929	-22.144617	17.344254	2.548181	0
1403	1327561030.202961	-22.144617	17.344254	2.548181	109
1404	1327561030.202961	-22.144617	17.344254	2.548181	0
1405	1327561053.142953	-22.144617	17.344254	2.548181	0
1406	1327561054.192962	-22.158690	17.353946	2.548181	0
1407	1327561055.244946	-22.285104	17.438026	2.565634	0
1408	1327561056.289072	-22.402539	17.512653	2.583087	0
1409	1327561057.340057	-22.531619	17.594306	2.583087	0
1410	1327561058.392931	-22.650266	17.668204	2.583087	0
1411	1327561059.452873	-22.780317	17.750099	2.583087	0
1412	1327561060.503055	-22.897751	17.824725	2.583087	0
1413	1327561061.548826	-23.027802	17.906620	2.583087	0
1414	1327561062.595815	-23.108841	17.957744	2.583087	0
1415	1327561063.647912	-23.108841	17.957744	2.583087	0
1416	1327561065.180081	-23.108841	17.957744	2.583087	110
1417	1327561065.180081	-23.108841	17.957744	2.583087	0
1418	1327561083.043972	-23.108841	17.957744	2.583087	0
1419	1327561084.088831	-23.108841	17.957744	2.583087	0
1420	1327561085.145003	-23.156883	17.988273	2.583087	0
1421	1327561086.205063	-23.275288	18.063142	2.583087	0
1422	1327561087.252999	-23.404368	18.144795	2.583087	0
1423	1327561088.296988	-23.521803	18.219421	2.583087	0
1424	1327561089.368054	-23.651854	18.301316	2.583087	0
1425	1327561090.417034	-23.770500	18.375214	2.583087	0
1426	1327561091.467897	-23.899339	18.457838	2.583087	0
1427	1327561092.523061	-24.014594	18.537074	2.495821	0
1428	1327561093.576686	-24.136890	18.629403	2.495821	0
1429	1327561094.624643	-24.214295	18.686835	2.495821	0
